 SCF Done:  E(RB3LYP) =  -114.461136487     A.U. after   12 cycles
            NFock= 12  Conv=0.18D-08     -V/T= 2.0057
 KE= 1.138124474521D+02 PE=-3.302006573741D+02 EE= 7.111765836416D+01 